0.999999976457248 -4.45240027675501e-05 0.000212374944823153 -0.000212788272851403 4.45160952653038e-05 0.999999998315814 3.72382688437778e-05 2.40282924115981e-05 -0.000212376602462259 -3.72288138638108e-05 0.999999976755097 0.00015589355184393
0.999999998029918 -6.27692626020903e-05 -4.28859301601811e-07 3.69131895119926e-05 6.27692835731386e-05 0.999999996825789 4.90758399717624e-05 -2.83552121268142e-05 4.25778845953916e-07 -4.90758667942701e-05 0.999999998795689 3.73552306750205e-05
0.999999997955678 -6.39384059402843e-05 -7.2392837535318e-07 5.18023118324241e-05 6.39383771411895e-05 0.999999997167418 -3.97120704494114e-05 -4.60213876081892e-05 7.26467499783716e-07 3.97120240814217e-05 0.999999999211214 9.81165049777679e-05
0.999999999881671 -1.47044833699758e-05 -4.52069722526734e-06 2.49766348543506e-05 1.47045741796863e-05 0.999999999690121 2.00881683980009e-05 2.42333394148118e-05 4.52040183772833e-06 -2.00882348705516e-05 0.999999999788014 -2.62977172850835e-05
0.999999998777728 -4.45465118805799e-05 -2.1451158447618e-05 0.000112034652606462 4.4546571941e-05 0.999999999003883 2.79939872656934e-06 1.96621127927956e-05 2.14510337228015e-05 -2.80035429872072e-06 0.999999999766006 1.62087566645753e-05
0.999999999591922 1.52892921571504e-05 -2.41328396283486e-05 8.60101868272279e-05 -1.52898374170344e-05 0.999999999627864 -2.25940810369653e-05 -4.9487573054796e-06 2.41324941718619e-05 2.25944500149395e-05 0.999999999453557 5.94739166033474e-05
0.999999998578406 -5.28018460143447e-05 -7.42654029810161e-06 6.35901128064917e-05 5.28019712042931e-05 0.999999998463881 1.68579163776462e-05 -6.71757008645906e-06 7.42565015758887e-06 -1.6858308489648e-05 0.999999999830329 3.35684595162457e-05
0.999999999724739 -1.39748406385956e-05 -1.88474478216996e-05 0.000105058227955884 1.39745190897869e-05 0.999999999756824 -1.70606259285361e-05 1.89320106550656e-05 1.88476862366449e-05 1.70603625398206e-05 0.999999999676854 1.9365761432449e-05
0.999999999673874 1.44046952163763e-05 -2.10892524513579e-05 6.3733615120727e-05 -1.44043741735724e-05 0.999999999780385 1.52231255612985e-05 2.08895107812594e-05 2.10894717312104e-05 -1.52228217788505e-05 0.99999999966175 -3.09724233427578e-05
0.999999998676177 -5.14083260867417e-05 -2.19796848427782e-06 5.91332317845606e-05 5.14083815940658e-05 0.999999998359522 2.52613279211426e-05 5.96188871765413e-06 2.19666983808895e-06 -2.52614408817036e-05 0.999999999678517 2.56447417139431e-06
0.999999999817526 1.82167421722471e-06 -1.90165374016593e-05 6.9031402060965e-05 -1.82234984557453e-06 0.999999999367202 -3.55285063611132e-05 3.78617031524916e-05 1.90164726682616e-05 3.55285410094141e-05 0.999999999188048 -9.6836540475287e-06
0.999999999632596 -2.58943401562952e-05 -8.01812484149029e-06 6.57526991305692e-05 2.58946577126218e-05 0.999999998880367 3.96072412493189e-05 3.33315353807753e-05 8.01709922913537e-06 -3.96074488613653e-05 0.999999999183488 -2.4089204919005e-05
0.999999999227815 -3.87446595708121e-05 -6.57425558273979e-06 6.66396433762458e-05 3.87445340120627e-05 0.999999999067071 -1.90976027216424e-05 3.15948386245938e-05 6.57499550672255e-06 1.90973479904265e-05 0.99999999979603 3.02092780503258e-05
0.999999999932439 4.44458625663667e-06 -1.0740884646536e-05 3.33612694382714e-05 -4.44454652943856e-06 0.999999999983283 3.69871061780011e-06 6.96668507366972e-06 1.07409010855948e-05 -3.69866287918864e-06 0.999999999935477 -2.36115161838478e-05
0.999999998344286 -5.75380864235969e-05 -8.92599235866566e-07 4.48598892566925e-05 5.75381152200466e-05 0.999999997823201 3.2294932279449e-05 2.01707180852299e-05 8.90741045319018e-07 -3.22949835844555e-05 0.99999999947812 2.32872356944307e-06
0.999999999857866 -1.3387947701694e-05 -1.02484113329569e-05 4.98669396890417e-05 1.33876123748827e-05 0.999999999375111 -3.27192515234095e-05 2.29086869468007e-05 1.0248849370181e-05 3.27191143170006e-05 0.99999999941221 3.51139168849081e-05
0.999999999938846 -1.06421288601344e-05 -3.00898713772769e-06 2.03062820526915e-05 1.06422003863368e-05 0.999999999660822 2.37718401254347e-05 3.1487151472068e-05 3.00873415372125e-06 -2.3771872146225e-05 0.999999999712923 -4.90396019907628e-05
0.999999999188448 -3.99533202799413e-05 -5.18042572590585e-06 7.47798454768298e-05 3.99532590292008e-05 0.999999999131976 -1.1823060010352e-05 3.66724460367766e-05 5.1808980919124e-06 1.1822853025866e-05 0.999999999916689 8.15943398420468e-06
0.999999999934475 7.58671756180894e-06 -8.57274446497279e-06 3.98667136381966e-05 -7.5867207037703e-06 0.999999999971154 -3.66473432469601e-07 -7.68263834229336e-06 8.57274168439507e-06 3.66538471463508e-07 0.999999999963187 6.84802050671868e-06
0.999999999395231 -3.47614536721041e-05 -1.0855831388831e-06 5.57188144569756e-05 3.47614735481312e-05 0.999999999228111 1.83144300848456e-05 6.79195828525017e-05 1.08494650183222e-06 -1.83144678102392e-05 0.999999999831702 -2.14227835681841e-05
0.999999999749057 -2.23993767630436e-05 -3.91497793297524e-07 4.66835774820531e-05 2.23993669915455e-05 0.999999999438096 -2.49414757841816e-05 1.81115714330369e-05 3.92056466590656e-07 2.494146700862e-05 0.999999999688885 3.66417215881318e-05
0.999999999959705 -5.35343893024029e-07 8.96121787500926e-06 2.52635007835415e-07 5.35210666337875e-07 0.999999999889343 1.48670248105578e-05 4.81735818319368e-05 -8.96122583298857e-06 -1.48670200138194e-05 0.999999999849334 -4.55753013529975e-05
0.999999998744066 -4.75056684139405e-05 1.5971206482275e-05 3.10670421122483e-05 4.75055807794512e-05 0.999999998856554 5.48736459985293e-06 2.416373387136e-05 -1.59714671449359e-05 -5.48660587152147e-06 0.999999999857405 1.15361166372691e-06
0.999999999996752 -1.01961114406777e-06 2.33599721837748e-06 2.81413975836222e-05 1.01966577659872e-06 0.999999999725996 -2.3387359619474e-05 2.35702218604535e-05 -2.33597337172491e-06 2.33873620013345e-05 0.999999999723787 1.12621183775019e-05
0.999999999794563 -1.55120884894708e-05 1.30479259606446e-05 1.54179572817416e-05 1.55123565159193e-05 0.9999999996687 -2.05418394901624e-05 2.86233783344625e-05 -1.30476073094899e-05 2.05420418900217e-05 0.999999999703892 1.08948538642195e-05
0.99999999996924 6.68642167360789e-06 4.10016813110002e-06 2.70393482329224e-05 -6.68626590009136e-06 0.999999999255996 -3.79908195197708e-05 3.11184974449865e-05 -4.10042215068851e-06 3.79907921037878e-05 0.999999999269943 4.8597969253935e-05
0.999999998499458 -5.36012285684007e-05 1.13133348148602e-05 4.6691131418821e-05 5.36012092297727e-05 0.999999998561994 1.70966211668489e-06 4.43481234500253e-05 -1.13134264385814e-05 -1.70905570569297e-06 0.999999999934543 1.37704074170827e-05
0.999999999989341 -4.48574056518518e-06 -1.09337636756121e-06 2.22987053446812e-05 4.48576153814314e-06 0.999999999805953 1.91825808748682e-05 1.94886105620999e-05 1.09329031926786e-06 -1.91825857792894e-05 0.999999999815417 -2.34530267539099e-05
0.999999998497888 -5.48024968534175e-05 9.54529011618304e-07 1.30881772438204e-05 5.48024623394926e-05 0.999999997845995 3.61206406421453e-05 3.46137921398046e-05 -9.56508510857378e-07 -3.61205882773478e-05 0.999999999347194 -3.01109933642328e-05
0.999999998925433 -4.63354183437979e-05 -1.47062693074432e-06 6.75766645603202e-05 4.63354464810888e-05 0.99999999874337 1.91385906275765e-05 3.0576188990962e-05 1.46974013429304e-06 -1.91386587491662e-05 0.999999999815776 -1.04832572236317e-05
0.999999999359856 -3.56214397204008e-05 3.37641310918583e-06 3.73403640621463e-05 3.56214974485017e-05 0.999999999219367 -1.70989459417788e-05 3.34451331861946e-05 -3.37580401747794e-06 1.7099066203724e-05 0.999999999848113 2.71350270932646e-05
0.999999999699553 -3.11233626331365e-06 -2.43147467770848e-05 4.93363986908594e-05 3.11256673778724e-06 0.999999999950232 9.47876181648116e-06 1.25433326775188e-05 2.43147172747806e-05 -9.47883749490535e-06 0.999999999659473 2.03476183486836e-06
0.999999998749424 -4.44584758854027e-05 -2.29040448540442e-05 0.000111366889333557 4.44588622155793e-05 0.999999998869455 1.68671010842362e-05 1.817039122647e-05 2.29032949425433e-05 -1.6868119350917e-05 0.999999999595453 1.78629255764237e-05
0.999999999959686 -3.27194418764747e-06 -8.36193700891371e-06 5.87955425236578e-05 3.27168620955393e-06 0.999999999518747 -3.08513028168239e-05 1.70923050154804e-05 8.36203794863043e-06 3.08512754579462e-05 0.999999999489138 3.31258924641097e-05
0.999999999707259 -1.9196934733163e-05 -1.47295247849332e-05 6.17223682780404e-05 1.91973914378198e-05 0.999999999335027 3.10065537792353e-05 4.56976054532169e-05 1.47289295443493e-05 -3.10068365386114e-05 0.999999999410817 -2.8586546860656e-05
0.999999999569808 -2.92972579831548e-05 -1.43347326700185e-06 5.1761188653653e-05 2.92972397054544e-05 0.999999999489567 -1.27489992365923e-05 3.54500919258189e-05 1.43384677698982e-06 1.27489572342979e-05 0.999999999917704 2.07755901319637e-05
0.999999999765024 1.76685734523973e-05 -1.25608347345969e-05 3.91969073328281e-05 -1.76685518574184e-05 0.999999999842433 1.71934007962829e-06 3.13908546508295e-05 1.25608651109042e-05 -1.7191181474644e-06 0.999999999919635 -1.66262067038214e-06
0.999999999155868 -3.80639062298783e-05 -1.5472670371386e-05 9.12278108729493e-05 3.80635709796489e-05 0.999999999040854 -2.16669678329522e-05 2.70428056009283e-05 1.54734950859773e-05 2.16663788695755e-05 0.99999999964557 5.50202600475557e-05
0.999999999937239 -5.49820160961694e-06 -9.7617067599509e-06 6.18696019179467e-05 5.49777397658957e-06 0.999999999025374 -4.38066850640584e-05 3.36034697958977e-05 9.76194760842322e-06 4.38066313936516e-05 0.999999998992842 5.78439744083894e-05
0.999999999345521 -3.57463045518617e-05 -5.58202491509818e-06 2.99401513840762e-05 3.57464112482063e-05 0.999999999178399 1.91153425744629e-05 3.18592048900789e-05 5.5813416076547e-06 -1.91155420993105e-05 0.999999999801722 9.66182474259536e-06
0.999999999242232 -3.84111726926105e-05 -6.33391981811744e-06 7.29278257299393e-05 3.84111171650168e-05 0.999999999223867 -8.76659159249319e-06 2.38063295534348e-05 6.33425654826506e-06 8.7663482929139e-06 0.999999999941514 2.63485937454109e-05
0.99999999966536 2.62149591354267e-06 -2.57372908539961e-05 6.88418326864835e-05 -2.62123434001572e-06 0.999999999944919 1.01632398381797e-05 6.57626619292784e-06 2.57373174954702e-05 -1.0163172371308e-05 0.99999999961715 2.20542425980236e-05
0.999999998157569 -5.86339396807855e-05 -1.57137942474032e-05 6.626306936565e-05 5.86343665791238e-05 0.999999997911955 2.71680239758536e-05 2.8289446605564e-05 1.57122012463131e-05 -2.71689452941706e-05 0.999999999507488 1.81743515276598e-05
0.999999999849315 -5.75031383277462e-06 -1.63799983228632e-05 3.19242754159168e-05 5.75022997621251e-06 0.999999999970363 -5.11949125440096e-06 2.33157753798812e-05 1.63800277610591e-05 5.11939706487216e-06 0.999999999852743 1.33761827592859e-05
0.999999999675526 -2.28024515184693e-05 -1.13576168024542e-05 4.14954079160459e-05 2.2802753715857e-05 0.999999999386023 2.66080458778854e-05 3.16858810045211e-05 1.13570100668047e-05 -2.66083048541905e-05 0.999999999581508 -1.30790835597215e-05
0.999999998688345 -5.12148051614283e-05 5.94017529307765e-07 7.47829023344703e-05 5.12148004952859e-05 0.999999998657691 7.85258372519168e-06 1.7001709480927e-05 -5.94419697055909e-07 -7.85255329240255e-06 0.999999999968992 3.56036391673919e-05
0.999999999767149 5.96363064287847e-07 -2.15718850685907e-05 5.96437241750799e-05 -5.9616055845124e-07 0.99999999995576 9.38749434258678e-06 -6.4305838782235e-06 2.15718906659912e-05 -9.38748148009385e-06 0.999999999723264 -8.57298218747314e-06
0.999999998408041 -5.526973634113e-05 -1.13655129910401e-05 5.52943366195183e-05 5.52701335827859e-05 0.99999999786171 3.49541504298438e-05 2.76918618211605e-05 1.1363581060059e-05 -3.49547785476195e-05 0.999999999324516 -4.00584227044011e-07
0.999999999649245 -2.15708881169094e-05 -1.53690049295154e-05 6.14362353574377e-05 2.1570631108789e-05 0.999999999627533 -1.67224653165173e-05 1.02860921284669e-05 1.53693656422194e-05 1.6722133791516e-05 0.999999999742076 6.57011553054653e-05
0.999999999772995 -1.40131550596572e-05 -1.60512162603687e-05 2.94519256647013e-05 1.40136041188145e-05 0.999999999510457 2.79768728375939e-05 2.63741234662337e-05 1.60508242082538e-05 -2.79770977666333e-05 0.999999999479827 -2.09437859569511e-05
0.999999998482238 -5.38331938149176e-05 -1.17265354327503e-05 7.88074254688867e-05 5.38331476057872e-05 0.999999998543231 -3.94084118437722e-06 3.27349604188341e-05 1.17267475637347e-05 3.9402099020831e-06 0.999999999923479 4.45474885877044e-05
0.999999999926346 1.02384383765386e-05 -6.51779455828692e-06 1.91711714717505e-05 -1.02385114564091e-05 0.999999999884727 -1.12124271279751e-05 2.12061060956695e-05 6.51767975979139e-06 1.12124938596635e-05 0.9999999999159 9.44027746105242e-06
0.99999999829292 -5.84021172617483e-05 1.83099545016967e-06 1.56871079171556e-05 5.84020598334539e-05 0.999999997803223 3.13489009300654e-05 3.6003591737804e-05 -1.83282628833553e-06 -3.13487939426445e-05 0.999999999506947 -8.06993437288228e-06
0.999999999718813 -1.45326392297999e-05 -1.87396890540603e-05 8.53948469319297e-05 1.45320348902331e-05 0.999999999374414 -3.22489108428406e-05 3.67506353034162e-05 1.87401577041239e-05 3.22486385079575e-05 0.999999999304416 5.59614157321914e-05
0.999999999964961 -5.47443332923785e-06 6.33319972393613e-06 -2.4550137269721e-06 5.4743593745909e-06 0.999999999916837 1.1677254266179e-05 3.35824038014971e-05 -6.33326364975938e-06 -1.16772195955585e-05 0.999999999911766 -2.30469772848992e-05
0.999999998961111 -4.50913361431594e-05 -6.67449094331288e-06 8.77638943918379e-05 4.50914055415018e-05 0.999999998929326 1.03977630802917e-05 2.06861001936458e-05 6.67402208713648e-06 -1.03980640316675e-05 0.999999999923669 2.36000303109365e-05
0.999999999979305 -3.24304884241011e-06 -5.55637592140402e-06 2.46350648705831e-05 3.24290942197983e-06 0.999999999679943 -2.50917974970093e-05 2.56126618841977e-05 5.55645729355049e-06 2.50917794776662e-05 0.999999999669764 2.45707520791049e-05
0.999999999194786 -4.00717120590724e-05 -2.16483101294215e-06 1.97982441935594e-05 4.00717929399669e-05 0.999999998498711 3.73741815812386e-05 4.93316395903088e-05 2.16333336224935e-06 -3.73742682998045e-05 0.999999999299242 -1.5855548408982e-05
0.999999999614502 -2.55208408464854e-05 -1.09399910147503e-05 6.05996672566423e-05 2.55206358834773e-05 0.99999999949885 -1.87349382794085e-05 3.631706330815e-05 1.09404691406458e-05 1.8734659076659e-05 0.999999999764659 3.56266590415528e-05
0.999999999085705 -4.09251791824856e-05 1.23983682071689e-05 -4.25193139810369e-06 4.09245049660481e-05 0.999999997684282 5.43748235332206e-05 3.96754759960859e-05 -1.24005934778539e-05 -5.43743160864247e-05 0.99999999844483 -3.72357438823874e-05
0.999999998583027 -5.26442592426597e-05 -7.90740413937518e-06 7.29062850475426e-05 5.26443318692195e-05 0.999999998572108 9.18469996673549e-06 3.63525106851359e-05 7.90692060635814e-06 -9.18511623372876e-06 0.999999999926557 3.36990732662557e-05
0.999999999882138 -9.49177282593414e-06 -1.20677477907829e-05 3.34880903057961e-05 9.49164031484748e-06 0.999999999894667 -1.0980607804625e-05 -7.39154712643044e-06 1.20678520149465e-05 1.09804932606094e-05 0.999999999866898 2.36591305450802e-05
0.999999998960946 -4.3671527752261e-05 -1.30730867056672e-05 5.56239040403563e-05 4.36721919498045e-05 0.999999997755516 5.0810508693724e-05 2.45257119731168e-05 1.30708677037844e-05 -5.08110795712811e-05 0.999999998623693 -1.86926045056109e-05
0.999999999516271 -3.09210843196391e-05 -3.36817208652603e-06 6.72777743704858e-05 3.09209834079154e-05 0.999999999073256 -2.99563153446291e-05 4.39416042738695e-05 3.36909836515728e-06 2.99562111829452e-05 0.999999999545637 4.77360190782542e-05
0.999999998768166 -4.95923945937049e-05 2.06449458296626e-06 4.45586390316091e-05 4.95923679568272e-05 0.999999998687088 1.29004246217725e-05 1.92723482304036e-05 -2.06513434320403e-06 -1.29003222227064e-05 0.999999999914658 3.11499426721505e-05
0.999999999617348 -2.46554985503372e-05 -1.25463686026628e-05 8.44356263428694e-05 2.46551271482918e-05 0.999999999257934 -2.96016477295416e-05 5.52690988813107e-05 1.25470984367352e-05 2.96013383859013e-05 0.999999999483166 3.20783264843819e-05
0.999999999970942 -7.1443217311044e-06 -2.65998791480924e-06 9.0905521210747e-07 7.14437559650059e-06 0.999999999769432 2.02507821706363e-05 2.25035173030974e-05 2.6598432360928e-06 -2.02508011740006e-05 0.999999999791415 -1.56575899494994e-05
0.999999998769048 -4.94166656042735e-05 -4.4605617434582e-06 2.94263068452322e-05 4.94168179306992e-05 0.999999998195674 3.41559580428002e-05 5.56669476663862e-05 4.4588738618529e-06 -3.41561784275234e-05 0.999999999406737 -2.40070920255654e-05
0.99999999945629 -3.19523052660306e-05 -8.15296780985656e-06 7.36212334771351e-05 3.19521248439629e-05 0.999999999244689 -2.21287892478348e-05 2.35403045527977e-05 8.15367486952775e-06 2.21285287311579e-05 0.999999999721923 6.74099625242916e-05
0.999999999861943 -1.04631239122172e-06 -1.65837061113817e-05 2.783823930189e-05 1.04637460894189e-06 0.999999999992415 3.7517297542112e-06 4.58395051761577e-05 1.65837021857746e-05 -3.75174710646224e-06 0.999999999855453 4.43069014402526e-06
0.999999998447697 -5.56252643673139e-05 3.2303962890573e-06 5.37835518699914e-05 5.56251976126944e-05 0.999999998239481 2.06609441631142e-05 3.67710793681505e-05 -3.23154555385128e-06 -2.06607644396102e-05 0.999999999781345 -2.02666596052922e-06
0.999999999846179 9.29802094787923e-06 -1.48724311352458e-05 6.37479664151274e-05 -9.29851382144536e-06 0.999999999407627 -3.31403547426535e-05 3.04641514858381e-05 1.48721229867231e-05 3.31404930290623e-05 0.999999999340264 5.73235776773809e-05
0.999999998150191 -6.04204638015998e-05 -6.99901231531202e-06 5.20356484396894e-05 6.0420628558451e-05 0.999999997897556 2.35421953586019e-05 3.79843050318064e-05 6.99758987023451e-06 -2.35426181997767e-05 0.999999999698389 2.44165719165662e-05
0.99999999924424 -3.86415400737138e-05 -4.28395682754422e-06 5.8722369125232e-05 3.86414783340845e-05 0.99999999914958 -1.44109695614384e-05 3.73321344148705e-05 4.28451368595887e-06 1.44108040121222e-05 0.999999999886986 2.86234778085127e-05
0.999999999120759 -4.19009498962803e-05 1.67090497994816e-06 3.23944132501177e-06 4.190086338309e-05 0.999999997783505 5.17427136564489e-05 2.4771814869731e-05 -1.67307304509702e-06 -5.17426435985933e-05 0.99999999865995 -3.90075785595925e-05
0.999999998164236 -6.04804717635387e-05 -3.69343840774171e-06 5.43016382295601e-05 6.04805889227887e-05 0.999999997667683 3.17290471900711e-05 1.0744110831096e-05 3.69151941138478e-06 -3.17292705131541e-05 0.999999999489813 -5.27030915889133e-06
0.999999999823564 -1.56410929320966e-05 -1.04032573845233e-05 2.10027195243146e-05 1.56409968300506e-05 0.999999999835012 -9.23770521826935e-06 1.10065893529077e-06 1.04034018706127e-05 9.23754249932371e-06 0.999999999903219 1.44031365908251e-05
0.999999999346903 -3.55275426278462e-05 6.63232476864029e-06 -2.69456093238104e-06 3.55272377449273e-05 0.999999998312577 4.59636978421748e-05 2.42237596557099e-05 -6.63395773468317e-06 -4.59634621839772e-05 0.999999998921675 -4.48282107287161e-05
0.999999999307535 -3.67764959086569e-05 5.69375900866215e-06 3.68427452201469e-05 3.67765374281994e-05 0.999999999297155 -7.2921815268054e-06 3.16478757538989e-05 -5.69349082377624e-06 7.29239091849711e-06 0.999999999957203 2.58907982601554e-05
0.999999999920592 2.34338727058274e-06 -1.23824497866896e-05 3.85278572930853e-05 -2.34328196103389e-06 0.999999999961089 8.50475031631593e-06 2.34020876633129e-05 1.23824697161315e-05 -8.50472130006937e-06 0.999999999887172 -8.15559772942161e-06
0.999999999910317 -9.26049996954172e-06 -9.67520219791954e-06 5.08581931242231e-05 9.26031884482866e-06 0.999999999781897 -1.87203864172935e-05 1.03276651333514e-05 9.6753755559472e-06 1.87202968201573e-05 0.999999999777969 5.53571095424754e-05
0.999999999983307 -2.48186615930991e-07 -5.7728052848434e-06 1.93140696737592e-05 2.48170274580191e-07 0.999999999995963 -2.83074746749036e-06 3.07420329142036e-06 5.77280598737373e-06 2.83074603480443e-06 0.999999999979331 3.09806228567568e-05
0.999999999494045 -3.07007538033503e-05 8.32904111295108e-06 -1.01519109569473e-05 3.07004958961509e-05 0.999999999049381 3.09631738224128e-05 2.4075177587342e-05 -8.32999169780983e-06 -3.09629181010543e-05 0.999999999485954 -7.4609908694946e-06
0.999999999115075 -4.20318558119823e-05 -1.7812791708457e-06 5.62443600096581e-05 4.20318345103761e-05 0.999999999045178 -1.1956951271967e-05 4.17806764848422e-05 1.78178174199671e-06 1.19568763909547e-05 0.999999999926929 2.47612296403782e-05
0.999999999961495 8.78301138157229e-07 -8.73142685460252e-06 2.48377555290598e-05 -8.78279899778549e-07 0.999999999996656 2.43240995020656e-06 1.21815567883197e-05 8.73142899096175e-06 -2.43240228147619e-06 0.999999999958923 1.73280958321638e-05
0.999999998860035 -4.7342735146552e-05 -6.21256918550281e-06 4.65339998839858e-05 4.73429115101777e-05 0.999999998476297 2.83911192829006e-05 3.29502171075541e-05 6.21122506279598e-06 -2.83914133716489e-05 0.999999999577674 1.86029308046596e-05
0.999999999757056 -1.61791249004935e-05 -1.49707961700982e-05 7.08056503983382e-05 1.61788051468346e-05 0.999999999641033 -2.13583685182055e-05 -1.58480318643759e-05 1.49711417244361e-05 2.13581263034225e-05 0.999999999659848 6.85641489957666e-05
0.999999999807781 -1.83412839872578e-05 -6.93077532702212e-06 3.25515308209066e-05 1.83415099460886e-05 0.999999999300298 3.260358733349e-05 2.21603775834036e-05 6.93017733051835e-06 -3.26037144481076e-05 0.999999999444485 -2.89740995108326e-05
0.999999998719209 -5.00943776842805e-05 -7.22044810383602e-06 6.83820314235175e-05 5.00943606922885e-05 0.999999998742508 -2.35347708675436e-06 1.516570479776e-05 7.22056599072642e-06 2.35311538000838e-06 0.999999999971163 1.95977529076897e-05
0.999999999998489 -2.01372474088074e-07 -1.72651566259463e-06 2.45205021242546e-05 2.01372373490374e-07 0.999999999999978 -5.82664851773575e-08 -4.84152785548782e-06 1.72651567432786e-06 5.82661375047126e-08 0.999999999998508 3.37394017630468e-05
0.999999998698463 -4.96380909681057e-05 -1.17954676397984e-05 7.19547608967227e-05 4.96384779657006e-05 0.999999998229731 3.28109807256004e-05 3.98945325097912e-05 1.17938389444713e-05 -3.28115661919563e-05 0.999999999392153 -9.78704858259424e-06
0.999999999745293 -1.21855264098894e-05 -1.89980826305546e-05 8.2705899534614e-05 1.21851322148833e-05 0.999999999710497 -2.07491771470052e-05 3.02973928261286e-05 1.89983354647007e-05 2.07489456475716e-05 0.999999999604272 2.57740098071234e-05
0.999999999912234 -9.28657188265212e-06 9.44942891250751e-06 1.21518854892751e-05 9.2863219188075e-06 0.999999999607015 2.64524991376356e-05 2.75864275065686e-05 -9.44967456182875e-06 -2.64524113848751e-05 0.999999999605487 -3.77776944898019e-06
0.99999999897857 -4.51735421918624e-05 1.48733493615142e-06 7.31760566515632e-05 4.51735492110213e-05 0.999999998968538 -4.71959060464878e-06 3.76731997000635e-05 -1.48712173399198e-06 4.71965778802598e-06 0.999999999987757 1.68131800473504e-05
0.999999999991108 -1.63476298423587e-06 -3.88748258080728e-06 2.7355873666492e-05 1.63474525644675e-06 0.999999999988266 -4.56022222760806e-06 6.76579664792927e-06 3.88749003564416e-06 4.5602158725238e-06 0.999999999982046 -8.70323267168169e-06
0.999999999037176 -4.34416457596939e-05 -6.20257585292507e-06 4.89418695143295e-05 4.34418317260869e-05 0.999999998606849 2.99851370361846e-05 4.5287695547935e-05 6.20127324058277e-06 -2.99854064585707e-05 0.99999999953121 -1.07688244208808e-05
0.999999999298544 -3.10740269909037e-05 -2.09121009058881e-05 5.59004313991437e-05 3.1073581558463e-05 0.999999999290367 -2.13002121720134e-05 1.52168443186478e-05 2.09127627744161e-05 2.12995623431992e-05 0.999999999554492 4.81071733070471e-05
0.999999999884688 -4.96343647834356e-06 -1.43523222697466e-05 4.63511948092206e-05 4.96404136351398e-06 0.999999999099548 4.21457277764525e-05 4.68490396311062e-06 1.43521130691803e-05 -4.2145799017114e-05 0.999999999008874 -3.06169500482278e-05
0.999999998513776 -5.41540494096734e-05 6.30763118170492e-06 4.03407601663568e-05 5.41539305316555e-05 0.999999998356102 1.8845343932736e-05 -1.45784260426416e-06 -6.30865172302229e-06 -1.88450023217067e-05 0.999999999802533 1.72382131673805e-05
0.999999999932078 2.55101789259928e-06 -1.13726355722785e-05 5.66735197464265e-05 -2.55108698437502e-06 0.999999999978292 -6.07525471235204e-06 -5.45292927242636e-06 1.13726200739481e-05 6.07528372452199e-06 0.999999999916877 3.24481239302059e-05
0.999999998611842 -5.24703150736426e-05 -4.81475534781076e-06 3.91401838188947e-05 5.24705643298545e-05 0.999999997282643 5.17837225312531e-05 2.13938417702195e-05 4.81203822649045e-06 -5.17839750922993e-05 0.999999998647632 -3.16302356204518e-05
0.999999999644613 -2.64886825438415e-05 3.02052440818277e-06 1.32031702959436e-05 2.64887337201715e-05 0.999999999505623 -1.69440814691616e-05 2.45941044808352e-05 -3.02007558029446e-06 1.69441614730066e-05 0.999999999851887 2.95322287797015e-05
0.999999999927001 -8.79789019885142e-06 -8.28220776942057e-06 1.31975497643498e-05 8.79808220435936e-06 0.999999999692568 2.31831385762882e-05 3.43106711212355e-05 8.2820038041667e-06 -2.31832114421407e-05 0.999999999696974 -4.19574289213065e-05
0.999999998486751 -5.34898471382953e-05 1.28582214612833e-05 2.99470566687007e-05 5.34896535104885e-05 0.999999998456048 1.50585494904823e-05 2.70558905102303e-05 -1.28590269209412e-05 -1.50578616858842e-05 0.999999999803953 1.13211571985753e-05
0.99999999986356 5.39418088237453e-06 -1.56135481139223e-05 4.61511837696773e-05 -5.39445618870349e-06 0.999999999829997 -1.76325398911094e-05 1.0258479808884e-05 1.56134529981583e-05 1.76326241153049e-05 0.999999999722655 7.28434435084171e-06
0.999999998896248 -4.69836526969344e-05 1.98340037387715e-07 2.00515661263394e-05 4.69836447128715e-05 0.999999998093694 4.00643059831964e-05 3.19556767184562e-05 -2.00222404447477e-07 -4.00642966202375e-05 0.999999999197406 -1.82138013523898e-05
0.999999999705017 -1.95230576214861e-05 -1.44504928289817e-05 7.93219080257686e-05 1.9522798441483e-05 0.999999999648587 -1.79356444405079e-05 3.38764496248597e-05 1.44508429825235e-05 1.79353623211583e-05 0.999999999734748 1.84910322892861e-05
0.999999999834075 -4.50693354348014e-06 -1.76504141540552e-05 2.20810166658037e-05 4.50729863538325e-06 0.999999999775915 2.06846231471896e-05 1.86456968829262e-05 1.76503209258781e-05 -2.06847026994452e-05 0.999999999630305 -1.31218077647765e-05
0.999999998399968 -5.63729755231663e-05 -4.70657245549387e-06 7.11615545680403e-05 5.6372971296574e-05 0.999999998410641 -8.98147003777613e-07 4.58626292173929e-05 4.7066230792325e-06 8.97881678866611e-07 0.999999999988521 3.19018965944887e-05
0.999999999581984 9.97587537765941e-07 -2.8896987020866e-05 6.98211421438208e-05 -9.98497865479956e-07 0.999999999503297 -3.15025158669258e-05 1.42914740009846e-05 2.88969555799955e-05 3.15025447073371e-05 0.999999999086278 3.15773232894826e-05
0.999999999059193 -4.32576390632584e-05 -3.22339867569732e-06 4.67637555199297e-05 4.32577677198305e-05 0.999999998267422 3.99239545363934e-05 3.80649284550194e-05 3.22167165409722e-06 -3.99240939358638e-05 0.999999999197844 -4.69700161101179e-05
0.999999999366325 -3.55998435326602e-05 -3.76405457875949e-08 5.3807140231063e-05 3.55998433305091e-05 0.999999999351977 -5.35699907006424e-06 2.52246182211315e-05 3.78312540919019e-08 5.35699772667211e-06 0.999999999985651 1.75994359948074e-05
0.999999999709371 5.95105314864929e-06 -2.33632910813974e-05 5.58148331284748e-05 -5.95054039388378e-06 0.999999999741459 2.19470345393643e-05 6.15299852562668e-06 2.33634216833261e-05 -2.19468955087785e-05 0.999999999486242 -2.26807167421639e-05
0.99999999824132 -5.91040094200809e-05 4.90663623793535e-06 4.40356674993264e-05 5.91039138198795e-05 0.999999998063595 1.94817166546837e-05 2.68476609869374e-05 -4.90778767599879e-06 -1.94814266190163e-05 0.999999999798194 2.74212166644878e-05
0.999999999719931 4.50210248912515e-06 -2.32350850129012e-05 7.74725897280321e-05 -4.50273807144105e-06 0.99999999961573 -2.7354441978588e-05 2.11739588057896e-05 2.32349618514713e-05 2.73545465924287e-05 0.999999999355933 5.08688016862406e-05
0.999999999205202 -3.84776269502751e-05 -1.04435538998355e-05 4.78440772869711e-05 3.84780959706474e-05 0.999999998251105 4.49135502982332e-05 2.52354672583658e-05 1.04418257147374e-05 -4.49139521106052e-05 0.999999998936853 -1.59980344556257e-06
0.999999999285406 -3.57661395484831e-05 -1.22463148471783e-05 6.67059741552642e-05 3.57660502801171e-05 0.999999999333826 -7.28954782362933e-06 2.94536931335472e-05 1.22465755580048e-05 7.28910981610769e-06 0.999999999898445 2.62306847863452e-05
0.99999999974283 2.55132385360586e-06 -2.25350819378673e-05 3.92184501211657e-05 -2.55118068420833e-06 0.999999999976564 6.35320493719189e-06 3.11521627844385e-05 2.25350981464225e-05 -6.35314744449228e-06 0.999999999725903 -1.67210434316399e-06
0.99999999823997 -5.51164812236977e-05 -2.19597971873129e-05 8.3816575875477e-05 5.51169068615673e-05 0.999999998293223 1.93824619638781e-05 4.02279694287806e-05 2.19587288567316e-05 -1.93836722858607e-05 0.999999999571044 2.79638995724128e-05
0.999999999857394 -6.68689542909331e-06 -1.55080011157896e-05 6.45615971246845e-05 6.68628684615193e-06 0.999999999207645 -3.92428780440453e-05 2.06210077968277e-05 1.55082635165236e-05 3.92427743475052e-05 0.999999999109749 7.58563790592374e-05
0.999999999557657 -2.89368777780208e-05 -6.8806082355736e-06 3.00850134175456e-05 2.89371611934327e-05 0.999999998732851 4.11939278372895e-05 2.36614229824199e-05 6.87941620319982e-06 -4.11941269243372e-05 0.999999999127859 -5.70642287156061e-06
0.999999999275879 -3.62988788408987e-05 -1.14295369121833e-05 7.30863403515138e-05 3.62988103941074e-05 0.999999999323266 -5.98873881709861e-06 2.57088357208061e-05 1.14297542889533e-05 5.98832393416877e-06 0.99999999991675 3.19666011097276e-05
0.999999999961803 -5.84343749358525e-06 -6.49985225030656e-06 1.67268237298628e-05 5.8435078641723e-06 0.99999999992432 1.08265239525763e-05 -8.81093072852485e-07 6.49978898569866e-06 -1.08265619341005e-05 0.999999999920269 -8.876113853283e-06
0.999999998575398 -5.1866872051865e-05 -1.2610784217111e-05 6.72171613669152e-05 5.18672452352001e-05 0.999999998216996 2.95938711910632e-05 3.11188369493934e-05 1.26092492530953e-05 -2.95945252355413e-05 0.999999999482585 2.50323624746453e-05
0.999999999758346 -1.55886410429387e-05 -1.55016752217656e-05 6.41222279799162e-05 1.55884633733893e-05 0.999999999812818 -1.14613676262318e-05 -8.64729134425555e-06 1.55018538860097e-05 1.14611259761657e-05 0.999999999814168 3.69260034595062e-05
0.999999999618068 -2.73567122767382e-05 3.93370551650928e-06 1.29567258581003e-05 2.73566140820967e-05 0.9999999993143 2.49602648229171e-05 5.74544037221722e-05 -3.93438834459505e-06 -2.49601572005203e-05 0.999999999680756 -3.62949071842786e-05
0.999999999894551 -1.37903967185117e-05 -4.55228157394384e-06 4.03571749464647e-05 1.37902564368055e-05 0.999999999430154 -3.0814285036235e-05 3.73326908856566e-05 4.55270651256499e-06 3.08142222558554e-05 0.999999999514878 2.01684526146097e-05
0.999999999998508 -7.41935479896998e-07 -1.55969122231323e-06 1.21358788572049e-05 7.41944313575072e-07 0.999999999983686 5.66374224922277e-06 2.89047405442048e-06 1.55968702015646e-06 -5.66374340641835e-06 0.999999999982745 -1.10908098063324e-06
0.999999998250937 -5.91388846783845e-05 8.47305988089378e-07 2.67255608306215e-05 5.91388497205403e-05 0.999999997402643 4.11984305787676e-05 2.13132825966449e-05 -8.4974241512355e-07 -4.11983803980075e-05 0.999999999150986 -1.8948320109432e-05
0.999999999691119 -2.47015074546982e-05 -2.75650388171415e-06 4.23388845199132e-05 2.470149346001e-05 0.999999999682031 -5.07688882524641e-06 -4.07729513017389e-06 2.75662928764483e-06 5.07682073391565e-06 0.999999999983313 2.77103556107317e-05
0.99999999965174 -2.6151000257716e-05 -3.55600962898268e-06 1.00161181505998e-05 2.6151169754395e-05 0.999999998521693 4.76731641676175e-05 1.90176576566624e-05 3.55476292279738e-06 -4.76732571448263e-05 0.999999998857312 -6.75760866447792e-05
0.999999998750256 -4.99864376610603e-05 9.18774972474656e-07 3.96655883825942e-05 4.99864258053225e-05 0.999999998667482 1.28993503510105e-05 1.94074819205151e-05 -9.19419763822561e-07 -1.28993044086126e-05 0.999999999916381 4.21703274767039e-06
0.999999999910846 -1.00552772381316e-05 -8.7863007742749e-06 2.23641264427194e-05 1.00552703540651e-05 0.999999999949139 -7.83543802269379e-07 1.09249977503829e-05 8.78630865257818e-06 7.83455453569825e-07 0.999999999961093 -9.24307246603824e-07
0.999999999068265 -4.30444014811627e-05 3.26345977109495e-06 1.90791423671792e-05 4.30443196325059e-05 0.999999998759184 2.50762559489289e-05 6.09950805022541e-05 -3.26453915947431e-06 -2.5076115452159e-05 0.999999999680266 -2.56663939084868e-05
0.999999999749865 -1.98838908189447e-05 -1.02421106625653e-05 5.71606054250306e-05 1.98836125310026e-05 0.999999999433207 -2.71703416215989e-05 3.64244152750982e-05 1.02426509088665e-05 2.71701379646428e-05 0.999999999578436 5.31112062572498e-05
0.9999999997254 -1.99643606296778e-05 -1.22728948340715e-05 1.51580398821944e-05 1.99646313798537e-05 0.999999999557361 2.20610975896988e-05 3.51566752401779e-05 1.22724543929308e-05 -2.20613426074621e-05 0.999999999681342 -2.47577712261026e-05
0.999999998375956 -5.31973675440496e-05 -2.04481911093886e-05 9.87884153029877e-05 5.31973856176218e-05 0.999999998584629 8.83328568510931e-07 4.56114623780431e-05 2.04481440896923e-05 -8.84416357383995e-07 0.999999999790546 1.49742425725288e-05
0.999999999902636 -3.34532012342051e-06 -1.35476116594657e-05 3.56798789257477e-05 3.34515254406927e-06 0.999999999917901 -1.23696638567944e-05 2.86795054940494e-05 1.35476530388389e-05 1.23696185367624e-05 0.999999999831727 5.2999968380645e-06
0.999999998716217 -4.8956237313218e-05 -1.307103845428e-05 4.98491981410191e-05 4.89568693598245e-05 0.999999997632326 4.83587949881272e-05 1.81661669218709e-05 1.30686709586884e-05 -4.8359434843167e-05 0.999999998745287 -6.18693550915817e-06
0.999999999267811 -3.71417649859769e-05 -9.21233158756404e-06 5.01197598301997e-05 3.71417347308055e-05 0.999999999304852 -3.284352805579e-06 1.22596905206632e-05 9.21245356782015e-06 3.28401064119816e-06 0.999999999952173 4.20590666154377e-05
0.999999999703998 -2.02242025516102e-05 -1.3527239798774e-05 2.38083203748814e-06 2.02246344721071e-05 0.99999999928571 3.19303097120451e-05 1.00493141435884e-05 1.35265940240605e-05 -3.1930583286074e-05 0.999999999398735 -3.30475024536094e-05
0.999999998565751 -5.35262249344255e-05 1.85506941993394e-06 5.80498874627286e-05 5.35261991120639e-05 0.99999999847063 1.39171450048397e-05 2.64375495985568e-05 -1.85581434933083e-06 -1.39170456900639e-05 0.999999999901436 2.55745140749482e-05
0.999999999916238 -9.37594196086678e-06 -8.92276504115962e-06 3.18984437533349e-05 9.37589090970526e-06 0.999999999939679 -5.72147546853004e-06 2.46925098174072e-05 8.92281868484331e-06 5.72139180917916e-06 0.999999999943824 1.20225297334538e-05
0.999999999091585 -4.23666001674748e-05 -4.67989889522643e-06 3.93980862190627e-05 4.23668367668656e-05 0.999999997823965 5.05679931646967e-05 2.49051076065386e-05 4.67775649109513e-06 -5.05681913912725e-05 0.999999998710488 -2.09023670593278e-05
0.999999999808404 -2.71612522145478e-06 -1.93859441338363e-05 0.000101000972932508 2.71533365998389e-06 0.999999999162702 -4.0831630973093e-05 3.51059169635009e-05 1.93860550214272e-05 4.08315783259632e-05 0.999999998978482 5.15244557069051e-05
0.999999999978807 -4.45523281056125e-06 -4.74731400633569e-06 2.22446137316911e-05 4.45537445544632e-06 0.999999999544944 2.98372548846474e-05 2.05413438930549e-05 4.74718107225845e-06 -2.98372760350767e-05 0.999999999543601 -1.83395785623901e-05
0.999999998650487 -5.02591023229358e-05 -1.31547863008748e-05 9.40083039885309e-05 5.02596107535956e-05 0.999999997989982 3.86523842971479e-05 1.37675656357372e-05 1.3152843640296e-05 -3.8653045399425e-05 0.999999999166472 1.09003688618191e-05
0.999999999302102 -2.85353592260488e-05 -2.41149350132157e-05 8.16485006990885e-05 2.85351038037322e-05 0.999999999536777 -1.05921501672688e-05 8.04298835071337e-06 2.41152372528552e-05 1.05914620377027e-05 0.999999999653138 5.86499666416375e-05
0.999999998367617 -5.70621206374066e-06 -5.68524811633867e-05 7.81237636938147e-05 5.70720848384835e-06 0.999999999830129 1.75262669328574e-05 1.80993789607099e-05 5.68523811451333e-05 -1.75265913732106e-05 0.999999998230313 1.77639337746067e-05
0.999998060603739 1.99126847036253e-05 0.00196936341108458 -0.00113740506259749 -1.79229580670669e-05 0.999999489433175 -0.00101035249173451 -0.000136765445408399 -0.00196938252442356 0.00101031523544283 0.999997550394798 0.00141545821536242
0.999998351000764 -0.000132258090621776 0.00181121604204401 0.000891901732636381 0.00013298737803526 0.999999910139483 -0.000402536188536181 -0.00104664540529313 -0.0018111626406195 0.0004027763936268 0.999998278729052 0.00613429011647069
0.999995718553621 0.00110816707799219 -0.00270829100252181 -0.000115675702964818 -0.00111371342625797 0.999997284170392 -0.00204726506466981 -0.000554737824875506 0.00270601493552032 0.00205027255946594 0.999994236916194 0.0108561459095536
0.999948402151864 0.00101764325272573 -0.0101072961836999 -0.000135941520718144 -0.00104552390642726 0.999995662363811 -0.00275356738124132 -0.000924112213958618 0.0101044501926598 0.00276399272287915 0.999945128709837 0.0170369008878322
0.999880969384818 0.000779298360228177 -0.0154090803146134 -0.00109348874390828 -0.000747856919952635 0.999997627077683 0.00204610582115147 -0.00144518487107789 0.0154106382769742 -0.00203433848457346 0.999879179548622 0.0255507484583988
0.9998864552243 3.79556207898134e-05 -0.0150690151753417 0.00053461207602422 3.46506150138327e-05 0.999988392979491 0.00481795658248923 -0.000798648313021251 0.0150690231375065 -0.00481793167933322 0.999874848206522 0.0382953315172881
0.999993400720029 0.00305323186410266 0.00196883000192665 -0.00318401497976236 -0.00306156274128835 0.999986314573845 0.00424234588412646 -0.000570791953483401 -0.00195585019201709 -0.00424834558427606 0.999989063045103 0.0506028940391077
0.999978289348539 0.00201200588018397 0.00627476405199397 -0.00404748617241452 -0.00204421136017165 0.999984750200705 0.00513035729255156 -0.000796251907636053 -0.00626434605406149 -0.00514307285311 0.999967152845604 0.0549646874728935
0.999972086550282 0.00176689642552821 0.0072597656503007 -0.00321841646139028 -0.00181911007681907 0.999972483343573 0.00719189781737898 -0.00120309479225893 -0.00724685854727727 -0.00720490337955069 0.999947784841032 0.0629438497385012
0.999949829954866 0.000770722280885796 0.00998716978930806 -0.00463928356425235 -0.000856717988563559 0.999962573128861 0.00860920297091072 -0.00129106268639022 -0.00998016069624096 -0.00861732723482244 0.999913065253077 0.0681431877307925
0.999860953416635 0.000437349057611936 0.0166698097943272 -0.00476293507880187 -0.000589439646685104 0.999958239177789 0.00911989371421452 -0.0015764227858264 -0.0166651250724426 -0.00912845147094839 0.999819456191998 0.0745476557170679
0.999582204608242 0.000724459004977236 0.0288944871848781 -0.00546707667074635 -0.00101571820623479 0.999948813697971 0.0100666926319885 -0.00155544752701588 -0.0288857152768025 -0.0100918354708901 0.999531775537814 0.0840678345165278
0.998945918679174 0.000690614517656464 0.0458974357214944 -0.00746457390807359 -0.00109618220521075 0.999960574423662 0.00881180928488192 -0.000993122146518365 -0.0458895406252196 -0.00885283287361476 0.998907291699945 0.0859604438208603
0.997804905442327 -0.00139256767550028 0.0662074877222914 -0.00824965473097809 0.000904932052671444 0.999972249494955 0.00739468308856523 -0.00181332972269913 -0.066215948027709 -0.00731853778219506 0.99777847603139 0.0991888832321798
